\begin{tabular}{lrrrrrrrrrrrrrrrrrrrrrrrr}
 & MSFT Returns & AAPL Returns & JPM Returns & WMT Returns & UNH Returns & PG Returns & JNJ Returns & HD Returns & MRK Returns & CVX Returns & KO Returns & CSCO Returns & MCD Returns & DIS Returns & VZ Returns & AXP Returns & AMGN Returns & CAT Returns & IBM Returns & HON Returns & INTC Returns & BA Returns & MMM Returns & TRV Returns \\
MSFT Returns & 1.000000 & 0.748983 & 0.435013 & 0.387090 & 0.464531 & 0.473233 & 0.401149 & 0.593242 & 0.338705 & 0.344159 & 0.448415 & 0.566434 & 0.495427 & 0.481943 & 0.284879 & 0.467621 & 0.408367 & 0.353959 & 0.432351 & 0.491335 & 0.570104 & 0.367558 & 0.373434 & 0.365662 \\
AAPL Returns & 0.748983 & 1.000000 & 0.434163 & 0.375881 & 0.432491 & 0.443257 & 0.385673 & 0.564131 & 0.312610 & 0.345791 & 0.445535 & 0.552978 & 0.479407 & 0.449731 & 0.294387 & 0.457612 & 0.405498 & 0.366085 & 0.411805 & 0.496756 & 0.540371 & 0.401373 & 0.398214 & 0.341880 \\
JPM Returns & 0.435013 & 0.434163 & 1.000000 & 0.258432 & 0.478128 & 0.394450 & 0.415773 & 0.526401 & 0.368071 & 0.645242 & 0.549840 & 0.506173 & 0.542900 & 0.571153 & 0.392176 & 0.778131 & 0.349988 & 0.634834 & 0.586911 & 0.708159 & 0.433928 & 0.585035 & 0.533829 & 0.653000 \\
WMT Returns & 0.387090 & 0.375881 & 0.258432 & 1.000000 & 0.327671 & 0.525863 & 0.402863 & 0.408043 & 0.291125 & 0.195937 & 0.404711 & 0.378454 & 0.316879 & 0.240958 & 0.334463 & 0.222008 & 0.354418 & 0.237291 & 0.310442 & 0.268483 & 0.299989 & 0.157395 & 0.277434 & 0.287753 \\
UNH Returns & 0.464531 & 0.432491 & 0.478128 & 0.327671 & 1.000000 & 0.476095 & 0.514859 & 0.480662 & 0.460948 & 0.455235 & 0.499183 & 0.440675 & 0.488804 & 0.334701 & 0.368905 & 0.475672 & 0.444654 & 0.358657 & 0.418478 & 0.502828 & 0.340923 & 0.363278 & 0.368860 & 0.452851 \\
PG Returns & 0.473233 & 0.443257 & 0.394450 & 0.525863 & 0.476095 & 1.000000 & 0.597355 & 0.483103 & 0.453522 & 0.258930 & 0.652995 & 0.496698 & 0.491159 & 0.320181 & 0.483268 & 0.353698 & 0.480467 & 0.295989 & 0.464569 & 0.444515 & 0.372376 & 0.252767 & 0.395596 & 0.399541 \\
JNJ Returns & 0.401149 & 0.385673 & 0.415773 & 0.402863 & 0.514859 & 0.597355 & 1.000000 & 0.410684 & 0.554671 & 0.368700 & 0.556668 & 0.480775 & 0.446569 & 0.298625 & 0.427930 & 0.372935 & 0.545847 & 0.353064 & 0.477903 & 0.465301 & 0.318663 & 0.271203 & 0.447508 & 0.391568 \\
HD Returns & 0.593242 & 0.564131 & 0.526401 & 0.408043 & 0.480662 & 0.483103 & 0.410684 & 1.000000 & 0.336928 & 0.426721 & 0.500323 & 0.531246 & 0.577429 & 0.486779 & 0.362951 & 0.514223 & 0.406691 & 0.446398 & 0.493220 & 0.566992 & 0.474637 & 0.438643 & 0.506320 & 0.483894 \\
MRK Returns & 0.338705 & 0.312610 & 0.368071 & 0.291125 & 0.460948 & 0.453522 & 0.554671 & 0.336928 & 1.000000 & 0.357668 & 0.452000 & 0.360444 & 0.435822 & 0.217398 & 0.390624 & 0.300845 & 0.476193 & 0.296912 & 0.368760 & 0.378464 & 0.222769 & 0.210103 & 0.277246 & 0.411798 \\
CVX Returns & 0.344159 & 0.345791 & 0.645242 & 0.195937 & 0.455235 & 0.258930 & 0.368700 & 0.426721 & 0.357668 & 1.000000 & 0.453300 & 0.424371 & 0.485485 & 0.471595 & 0.321328 & 0.619471 & 0.293993 & 0.598621 & 0.501696 & 0.609230 & 0.350177 & 0.525159 & 0.432795 & 0.561647 \\
KO Returns & 0.448415 & 0.445535 & 0.549840 & 0.404711 & 0.499183 & 0.652995 & 0.556668 & 0.500323 & 0.452000 & 0.453300 & 1.000000 & 0.494673 & 0.584604 & 0.448340 & 0.488708 & 0.543783 & 0.419032 & 0.436538 & 0.546986 & 0.613718 & 0.361483 & 0.454820 & 0.490847 & 0.522567 \\
CSCO Returns & 0.566434 & 0.552978 & 0.506173 & 0.378454 & 0.440675 & 0.496698 & 0.480775 & 0.531246 & 0.360444 & 0.424371 & 0.494673 & 1.000000 & 0.503151 & 0.476490 & 0.381316 & 0.501664 & 0.431195 & 0.464213 & 0.555400 & 0.567045 & 0.501163 & 0.367357 & 0.491829 & 0.398893 \\
MCD Returns & 0.495427 & 0.479407 & 0.542900 & 0.316879 & 0.488804 & 0.491159 & 0.446569 & 0.577429 & 0.435822 & 0.485485 & 0.584604 & 0.503151 & 1.000000 & 0.464862 & 0.340914 & 0.559420 & 0.375234 & 0.396745 & 0.488701 & 0.606995 & 0.377258 & 0.477602 & 0.445602 & 0.557606 \\
DIS Returns & 0.481943 & 0.449731 & 0.571153 & 0.240958 & 0.334701 & 0.320181 & 0.298625 & 0.486779 & 0.217398 & 0.471595 & 0.448340 & 0.476490 & 0.464862 & 1.000000 & 0.309786 & 0.624556 & 0.263923 & 0.486873 & 0.425932 & 0.586090 & 0.409852 & 0.508125 & 0.442260 & 0.397430 \\
VZ Returns & 0.284879 & 0.294387 & 0.392176 & 0.334463 & 0.368905 & 0.483268 & 0.427930 & 0.362951 & 0.390624 & 0.321328 & 0.488708 & 0.381316 & 0.340914 & 0.309786 & 1.000000 & 0.337689 & 0.363824 & 0.336680 & 0.426672 & 0.379232 & 0.292083 & 0.247077 & 0.350526 & 0.383517 \\
AXP Returns & 0.467621 & 0.457612 & 0.778131 & 0.222008 & 0.475672 & 0.353698 & 0.372935 & 0.514223 & 0.300845 & 0.619471 & 0.543783 & 0.501664 & 0.559420 & 0.624556 & 0.337689 & 1.000000 & 0.313580 & 0.596005 & 0.547623 & 0.710574 & 0.420072 & 0.627906 & 0.508320 & 0.592833 \\
AMGN Returns & 0.408367 & 0.405498 & 0.349988 & 0.354418 & 0.444654 & 0.480467 & 0.545847 & 0.406691 & 0.476193 & 0.293993 & 0.419032 & 0.431195 & 0.375234 & 0.263923 & 0.363824 & 0.313580 & 1.000000 & 0.332396 & 0.392567 & 0.396026 & 0.349024 & 0.188929 & 0.372935 & 0.352265 \\
CAT Returns & 0.353959 & 0.366085 & 0.634834 & 0.237291 & 0.358657 & 0.295989 & 0.353064 & 0.446398 & 0.296912 & 0.598621 & 0.436538 & 0.464213 & 0.396745 & 0.486873 & 0.336680 & 0.596005 & 0.332396 & 1.000000 & 0.540050 & 0.642792 & 0.382261 & 0.477931 & 0.569683 & 0.479845 \\
IBM Returns & 0.432351 & 0.411805 & 0.586911 & 0.310442 & 0.418478 & 0.464569 & 0.477903 & 0.493220 & 0.368760 & 0.501696 & 0.546986 & 0.555400 & 0.488701 & 0.425932 & 0.426672 & 0.547623 & 0.392567 & 0.540050 & 1.000000 & 0.572576 & 0.455277 & 0.441977 & 0.542108 & 0.488736 \\
HON Returns & 0.491335 & 0.496756 & 0.708159 & 0.268483 & 0.502828 & 0.444515 & 0.465301 & 0.566992 & 0.378464 & 0.609230 & 0.613718 & 0.567045 & 0.606995 & 0.586090 & 0.379232 & 0.710574 & 0.396026 & 0.642792 & 0.572576 & 1.000000 & 0.466592 & 0.616455 & 0.635243 & 0.568983 \\
INTC Returns & 0.570104 & 0.540371 & 0.433928 & 0.299989 & 0.340923 & 0.372376 & 0.318663 & 0.474637 & 0.222769 & 0.350177 & 0.361483 & 0.501163 & 0.377258 & 0.409852 & 0.292083 & 0.420072 & 0.349024 & 0.382261 & 0.455277 & 0.466592 & 1.000000 & 0.392648 & 0.384105 & 0.353512 \\
BA Returns & 0.367558 & 0.401373 & 0.585035 & 0.157395 & 0.363278 & 0.252767 & 0.271203 & 0.438643 & 0.210103 & 0.525159 & 0.454820 & 0.367357 & 0.477602 & 0.508125 & 0.247077 & 0.627906 & 0.188929 & 0.477931 & 0.441977 & 0.616455 & 0.392648 & 1.000000 & 0.373928 & 0.467518 \\
MMM Returns & 0.373434 & 0.398214 & 0.533829 & 0.277434 & 0.368860 & 0.395596 & 0.447508 & 0.506320 & 0.277246 & 0.432795 & 0.490847 & 0.491829 & 0.445602 & 0.442260 & 0.350526 & 0.508320 & 0.372935 & 0.569683 & 0.542108 & 0.635243 & 0.384105 & 0.373928 & 1.000000 & 0.427836 \\
TRV Returns & 0.365662 & 0.341880 & 0.653000 & 0.287753 & 0.452851 & 0.399541 & 0.391568 & 0.483894 & 0.411798 & 0.561647 & 0.522567 & 0.398893 & 0.557606 & 0.397430 & 0.383517 & 0.592833 & 0.352265 & 0.479845 & 0.488736 & 0.568983 & 0.353512 & 0.467518 & 0.427836 & 1.000000 \\
\end{tabular}
